9788120337312
9788120337312
9788120337312
9788120337312
9788120337312
9789350140567
9789350140567
9789350140567
9788131718124
9788178086705
9789332518414
9789332518414
9788178086514
9788178086514
9788178086514
9780074631133
9780074631133
9780074631133
9780074631133
9780074631133
9780074631133
9780074631133
9788131702444
9788120307865
9788120326194
9788177000757
9788120308435
9788178084299
9788120321212
9780071005449
9788125913627
9780071184571
8170234646
9788120311473
9788131758649
9780074633113
9788131506554
9780070601680
9788178081038
9788178081038
9788120311770
9788126512263
9788178083001
9780070482920
9780070482920
9780070260474
9780070429789
9780070429789
9788131804919
9780070252202
9780070429789
9788120323100
9788120323100
9788120323100
9788178084961
9789332570313
9788178083193
9788178083193
9788120313514
9789350145500
9788131724262
9788131724262
9789352601578
9788120311312
9788178083193
9780198792925
9788177582635
9780070147188
9780070436060
9788131709948
9788120301405
9788131709948
9780070591028
9788177588279
9788177588279
9788177588279
9788177588279
9788131724262
9788120318748
9788120318748
9788131725221
9788126508518
9780070445321
9788131718377
9788131502235
9788176567060
9780070616783
9780070991309
9788178081021
9780072124071
8170296404
9788178081021
9780521613903
9780521613903
9788188458554
9788173716126
9788173716126