9788122406849
9789382291527
9780070619852
9788190855914
9788177583786
9789339212087
9788177585308
9789332518858
9788177583786
9780070619852
9788120314450
9788120314450
9788120314450
9788131500415
9788120316218
9788120316218
9788181471895
9788181471895
9788120308657
9788122427219
9788177587692
9788177587692
9788120308657
9780071240833
9788178084978
9789339212087
9789339212087
9780071184588
9788177582437
9780071184588
9780071240833
9788177582437
9788126523115
9780070667631
9780071240833
9788120310506
9788120338197
9788120338197
9788120332720
9788178084978
9788178084978
9780071240833
9789350142363
